1                                              

77
3.0 3.0
4.0 3.0
5.0 3.0
6.0 3.0
7.0 3.0
8.0 3.0
9.0 3.0
10.0 3.0
11.0 3.0
12.0 3.0
12.0 4.0
11.0 4.0
11.0 5.0
11.0 6.0
12.0 6.0
13.0 6.0
14.0 6.0
14.0 5.0
14.0 4.0
15.0 4.0
16.0 4.0
17.0 4.0
18.0 4.0
18.0 3.0
19.0 3.0
20.0 3.0
21.0 3.0
22.0 3.0
23.0 3.0
23.0 4.0
23.0 5.0
23.0 6.0
24.0 6.0
25.0 6.0
26.0 6.0
27.0 6.0
27.0 7.0
27.0 8.0
27.0 9.0
27.0 10.0
27.0 11.0
26.0 11.0
25.0 11.0
24.0 11.0
23.0 11.0
23.0 12.0
23.0 13.0
22.0 13.0
21.0 13.0
20.0 13.0
19.0 13.0
18.0 13.0
17.0 13.0
16.0 13.0
15.0 13.0
14.0 13.0
13.0 13.0
12.0 13.0
11.0 13.0
10.0 13.0
9.0 13.0
8.0 13.0
8.0 12.0
8.0 11.0
8.0 10.0
7.0 10.0
6.0 10.0
5.0 10.0
5.0 9.0
5.0 8.0
5.0 7.0
4.0 7.0
3.0 7.0
3.0 6.0
3.0 5.0
3.0 4.0
3.0 3.0

